RawFile: IsabelTemperature.raw
Resolution: 500 500 1
Format: FLOAT32
BasisVector1: 0.98 0 0
BasisVector2: 0 0.91728 0
BasisVector3: 0 0 2
Offset: 0.01 0.04136 0
WorldVector1: 1 0 0 0
WorldVector2: 0 1 0 0
WorldVector3: 0 0 1 0
WorldVector4: 0 0 0 1
DataRange: -43.7036 -25.9612
ValueRange: -43.7036 -25.9612
Unit: arb. unit.
